3
3
3
3
3
4
19
75
152
221
310
455
593
822
1049
1577
1835
2263
2706
3296
3916
5061
6387
7985
8514
10590
12839
14955
17750
20603
23073
26062
28710
33190
37860
42681
46638
50418
54030
57521
62013
66414
70065
73880
75528
77635
80572
83049
85388
88274
91246
93187
94067
95262
96877
98273
100269
102253
103616
104291
105418
106607
106962
107771
108257
108237
107709
107699
106848
106527
105847
106103
105813
105205
104657
101551
100943
100704
100179
99980
98467
91528
89624
87961
84842
83324
82488
81266
78457
76440
72070
70187
68351
66553
65129
62752
60960
59322
57752
56594
55300
52942
50966
47986
46175
43691
42075
41367
39893
39297
38429
36976
35877
35262
34730
32872
31710
30637
28997
27485
26274
