0
0
0
0
0
1
1
0
-1
1
1
42
1
4
33
66
11
116
138
109
66
33
102
280
41
213
181
527
369
414
192
1084
415
689
943
952
408
894
1036
999
589
1434
646
1590
1109
1118
1431
1480
1238
819
1022
1555
2099
1979
1985
2079
1677
1224
1695
962
2072
2563
2200
2128
1822
2723
2943
3033
2922
2622
1808
1696
2317
2311
4693
2304
1665
1740
1225
2352
8014
3031
2747
4008
2155
1401
2452
3502
2747
4917
2605
2366
2150
2075
2881
2278
2160
2120
1639
1502
2677
2443
3503
2240
2789
1874
848
1737
846
957
1886
1297
759
747
2062
1293
1399
1747
1780
1505
