3
3
3
3
3
4
19
75
152
221
310
455
593
822
1049
1577
1835
2262
2705
3294
3913
5056
6382
7979
8506
10578
12825
14938
17729
20579
23046
26030
28671
33143
37804
42608
46555
50320
53914
57384
61864
66252
69891
73695
75332
77431
80360
82829
85160
88039
91005
92940
93813
95000
96607
97996
99986
101965
103323
103994
105116
106300
106650
107454
107935
107906
107372
107357
106500
106175
105491
105744
105450
104840
104289
101180
100570
100328
99801
99601
98086
91146
89241
87577
84456
82937
82101
80878
78068
76050
71679
69795
67958
66159
64734
62356
60564
58926
57356
56198
54904
52545
50569
47589
45778
43294
41678
40970
39496
38900
38032
36579
35480
34865
34333
32475
31313
30240
28600
27088
25875
25510
24170
23526
22702
21543
21212
20972
20637
