7
7
6
4
4
4
4
1
1
0
2
5
25
44
86
116
176
196
269
404
632
921
1178
1370
1739
2221
2803
3570
4396
5284
6473
6953
8268
9328
10575
12310
13144
16796
17923
20002
22511
25269
29561
30366
33599
39161
42022
41290
43823
45607
46217
48229
48502
49925
50918
52547
53567
53824
55391
59039
58084
58115
56151
56515
56310
56983
57347
57154
56860
56839
56906
56816
59533
59313
56127
55729
55379
55657
55608
55291
54700
57369
56765
56409
56506
56466
56152
55451
54987
54326
53942
53600
53090
52936
52842
52359
52090
52058
51927
51937
51648
51146
50566
53218
53151
54457
54596
54818
53573
53201
53403
53440
53686
53980
53917
53789
53985
54066
54341
54607
54954
54892
