0
0
0
0
0
0
0
0
0
0
1
1
8
15
19
23
29
56
90
116
210
264
327
369
491
644
857
1124
1358
2199
2330
2700
3067
4164
5544
6652
7245
8544
9624
10613
11488
11167
12282
12934
13740
14349
14313
14278
14169
13424
13970
12836
12728
12585
12503
12449
11971
11609
10850
11062
9697
9551
9351
8936
8547
7915
7185
6859
6347
6088
5995
5651
5299
4965
5091
4449
4051
3855
3643
2997
2814
2555
2416
2284
2021
1872
1699
1713
1443
1491
1536
1293
1206
1111
1027
966
896
904
820
730
633
646
559
577
609
526
442
451
454
372
392
415
335
344
349
354
375
307
325
356
379
292
300
331
344
379
387
336
354
