0
0
0
0
0
0
0
0
0
2
4
20
19
43
30
61
21
73
138
230
296
260
203
372
497
595
785
838
924
1210
1097
1404
1861
1617
1847
1559
3838
2448
2929
3922
3809
4611
2599
4376
7578
4861
2116
5233
4267
1873
3912
3777
3881
4286
4342
3114
1613
2673
5497
2633
2641
405
2569
785
2051
2667
1827
1653
1773
1537
461
3764
1520
-1417
1139
604
794
308
576
1104
4183
629
642
433
209
456
708
507
622
563
372
120
492
524
418
318
393
250
115
358
276
191
3325
597
1828
257
338
-766
352
767
611
579
343
211
403
545
425
726
526
407
152
