52
58
47
53
63
73
86
111
122
135
137
146
178
196
204
208
226
244
282
315
365
379
419
437
473
506
554
595
638
665
678
705
694
719
757
803
825
851
865
952
981
1078
1237
1388
1473
1697
1855
2082
2352
2548
2994
3222
3542
3941
4563
5221
5878
6463
6676
6886
7547
8106
8662
9005
9402
9633
9875
10227
10546
10837
11215
11268
11330
11443
11114
11198
10875
10892
10409
10386
10201
10201
9982
9839
9150
7026
6921
6780
6451
5555
5152
5174
4388
3992
4035
3328
2975
2712
2484
2317
2139
1967
1820
1669
1591
1512
1501
1490
1386
1315
1248
1185
1110
1086
1110
1081
1034
989
917
878
861
